48
50
48
62
74
96
58
71
66
78
59
57
80
100
78
22
77
100
63
71
55
52
61
83
59
57
55
63
80
76
73
77
80
63
46
70
0
50
80
86
10
84
53
88
100
79
65
40
53
88
27
50
57
65
80
56
15
83
99
72
85
57
79
61
55
52
85
69
46
85
53
57
61
80
77
64
100
77
48
78
85
85
64
99
63
53
85
74
93
62
96
48
62
74
48
50
58
71
66
78
59
57
100
80
78
100
22
77
63
71
55
52
61
83
59
57
55
63
80
76
73
77
80
63
80
46
70
0
50
86
100
84
53
88
10
79
88
65
53
40
50
57
27
65
99
80
83
56
15
85
72
57
79
61
55
85
52
69
46
85
61
53
57
100
80
77
64
77
48
78
85
85
99
64
85
63